27 # number of lsq's
# i  j        lsq (i,j)
  1  2  5.431487752137470690E-02
  1  3  1.360850318812151470E-01
  2  3  1.360850318812151470E-01
  4  1  7.288692262832390500E-02
  4  2  7.288692262832390500E-02
  4  3  1.003069951939153160E-01
  5  1  2.289853449007282590E-02
  5  2  2.289853449007282590E-02
  5  3  5.014259364278765880E-02
  4  5 -7.813190372526661880E-03
  6  1 -1.286118353288122790E-02
  6  2 -1.286118353288122790E-02
  6  3  1.426793414583431660E-02
  5  6  1.827172465237638280E-02
  7  1  2.469296562977830020E-02
  7  2  2.469296562977830020E-02
  7  3  5.194294122075345160E-02
  6  7  1.772570209382708780E-02
  8  1  7.351068855385104470E-02
  8  2  7.351068855385104470E-02
  8  3  1.009333910177030130E-01
  7  8 -8.548444231277103490E-03
  9  1  5.290747875007758330E-02
  9  2  5.290747875007758330E-02
  9  3  8.026608578753694760E-02
  8  9 -1.710031465302822270E-02
  9  4  1.456108976739365250E-01
