27 # number of lsq's
# i  j        lsq (i,j)
  1  2 -1.287053596748130190E-02
  1  3 -1.328889316994009980E-01
  2  3  6.886495736273701930E-02
  4  1  8.171968641972727220E-03
  4  2  7.515989256577799060E-02
  4  3  3.581828679094186680E-02
  5  1 -4.091417270383265540E-03
  5  2  6.301178894983834080E-02
  5  3  2.314821817088353180E-02
  4  5  1.539446621124202040E-02
  6  1 -1.286816401387245880E-02
  6  2  5.431715181850995990E-02
  6  3  1.407741695383633740E-02
  5  6  2.165114185720417780E-02
  7  1 -3.651063191056953770E-03
  7  2  6.344801396303060360E-02
  7  3  2.360325845882866350E-02
  6  7  2.152019687255795960E-02
  8  1  8.324874590437431430E-03
  8  2  7.531135757477683320E-02
  8  3  3.597623380946670760E-02
  7  8  1.521804598869372910E-02
  9  1  3.268653720758497830E-03
  9  2  7.030274092230788630E-02
  9  3  3.075293492485653930E-02
  8  9  1.316028764043946830E-02
  9  4  1.778319969297660330E-01
