27 # number of lsq's
# i  j        lsq (i,j)
  1  2  6.011452210118103710E-02
  1  3  1.501143783753867330E-01
  2  3  1.501143783753867330E-01
  4  1  7.299351433850237390E-02
  4  2  7.299351433850237390E-02
  4  3  1.029181356952254360E-01
  5  1  2.106330767176529240E-02
  5  2  2.106330767176529240E-02
  5  3  5.107892873896916910E-02
  4  5 -1.051656147844093760E-02
  6  1 -1.608991014530584050E-02
  6  2 -1.608991014530584050E-02
  6  3  1.399764937778788270E-02
  5  6  1.673142262236582260E-02
  7  1  2.292950640973228740E-02
  7  2  2.292950640973228740E-02
  7  3  5.294344567143491470E-02
  6  7  1.614643771996651310E-02
  8  1  7.362420867778343120E-02
  8  2  7.362420867778343120E-02
  8  3  1.035308282390281600E-01
  7  8 -1.132290382644657830E-02
  9  1  5.222085495206630210E-02
  9  2  5.222085495206630210E-02
  9  3  8.217374534983589410E-02
  8  9 -2.029106524673288480E-02
  9  4  1.348351418075587720E-01
