27 # number of lsq's
# i  j        lsq (i,j)
  1  2 -1.124675691578126680E-02
  1  3 -1.650005357830009540E-01
  2  3  1.087465766764319550E-01
  4  1 -4.423706229687011500E-02
  4  2  6.912659534540276550E-02
  4  3  3.994265894608731320E-02
  5  1 -3.007063934326487600E-02
  5  2  7.546443467512242850E-02
  5  3  3.837079373002724900E-02
  4  5  1.735563584000865310E-02
  6  1 -1.102364212333177670E-02
  6  2  7.999881425081366690E-02
  6  3  2.852375833025957260E-02
  5  6  1.403474884872887350E-02
  7  1 -1.376371286961743040E-03
  7  2  7.523873000369321650E-02
  7  3  9.480436384509740100E-03
  6  7  1.410245205338263690E-02
  8  1 -2.210877255410652220E-06
  8  2  6.905395794616221630E-02
  8  3 -4.353847453852973420E-03
  7  8  1.744475622601618660E-02
  9  1 -2.194075729521015970E-04
  9  2  7.166518821383373940E-02
  9  3  9.266125410421225600E-04
  8  9  1.853623036061962100E-02
  9  4  1.169291072904181120E-01
