27 # number of lsq's
# i  j        lsq (i,j)
  1  2  7.999999999999999990E-02
  1  3  2.000000000000000000E-01
  2  3  2.000000000000000000E-01
  4  1  7.011112008721825610E-02
  4  2  7.011452286087609810E-02
  4  3  1.099425036121243340E-01
  5  1  3.203339099293795720E-02
  5  2  3.203337358123786010E-02
  5  3  7.202832492616964390E-02
  4  5 -1.889928714038535530E-02
  6  1 -1.146920869113830780E-02
  6  2 -1.147607969330360840E-02
  6  3  2.825525912490885140E-02
  5  6  6.017491473936098160E-03
  7  1  1.150645895392778260E-02
  7  2  1.148778061897490540E-02
  7  3  5.096711343525957200E-02
  6  7  1.228930803442443630E-02
  8  1  6.298572360337662250E-02
  8  2  6.297558654406426320E-02
  8  3  1.026280230227056110E-01
  7  8 -1.044929155690841780E-02
  9  1  5.789090770618611260E-02
  9  2  5.789061700021514960E-02
  9  3  9.785772535699952760E-02
  8  9 -2.461814091631512010E-02
  9  4  1.018889250639752150E-01
