27 # number of lsq's
# i  j        lsq (i,j)
  1  2 -1.609971838179159810E-02
  1  3 -1.546639895757500960E-01
  2  3  7.390067665060294600E-02
  4  1 -7.851795316461276610E-04
  4  2  7.556643151042394350E-02
  4  3  2.914066911685879570E-02
  5  1 -9.722627327058761570E-03
  5  2  6.655221681863107260E-02
  5  3  2.030455126260009670E-02
  4  5  1.596721563253464510E-02
  6  1 -1.609777874632437820E-02
  6  2  6.011644118928369270E-02
  6  3  1.401638180063906000E-02
  5  6  2.074075337063121120E-02
  7  1 -9.396965466002767900E-03
  7  2  6.688818981834157980E-02
  7  3  2.063888198449350040E-02
  6  7  2.063606433106864930E-02
  8  1 -7.254899311026088460E-04
  8  2  7.566278665568123560E-02
  8  3  2.918339704922544180E-02
  7  8  1.582033455023197730E-02
  9  1 -4.383686812798721640E-03
  9  2  7.195997873739353550E-02
  9  3  2.558078403087685590E-02
  8  9  1.424827606942630150E-02
  9  4  1.714050910746308030E-01
