27 # number of lsq's
# i  j        lsq (i,j)
  1  2  2.942977387474128600E-01
  1  3  7.356947738982607730E-01
  2  3  7.356947738982607730E-01
  4  1  2.890626428110604620E-01
  4  2  2.890626428110604620E-01
  4  3  4.371171835817986170E-01
  5  1  2.017468881932720330E-01
  5  2  2.017468881932720330E-01
  5  3  3.493024313698744060E-01
  4  5  1.509251285541326260E-02
  6  1  1.392676758328404320E-01
  6  2  1.392676758328404320E-01
  6  3  2.864588591164689370E-01
  5  6  6.083632049571812560E-02
  7  1  2.048781774952727590E-01
  7  2  2.048781774952727590E-01
  7  3  3.524737013033086700E-01
  6  7  5.987842636952580390E-02
  8  1  2.901369282626091630E-01
  8  2  2.901369282626091630E-01
  8  3  4.382674579662085590E-01
  7  8  1.380132609201946080E-02
  9  1  2.541393010486010990E-01
  9  2  2.541393010486010990E-01
  9  3  4.020429019397243840E-01
  8  9 -1.243660495421318420E-03
  9  4  4.964459599764890040E-01
